100
2269 290
799 707
6 3
6 3
6784 5660
1295 49
5184 890
9590 168
5114 3964
1583 232
7 6
9351 634
9312 7078
330 986
224 317
8 3
1483 902
2169 726
2749 866
29 900
105 25
685 54
537 237
5594 2942
1445 822
445 294
498 137
10 9
2285 984
515 426
5 3
1182 13
2006 35
5524 4162
9 4
6243 5510
758 483
3862 911
9 5
6 5
9 7
2971 488
10 3
7 5
6313 4131
1705 1482
398 133
2708 677
1226 288
5 5
4944 2237
1945 1409
129 536
1396 728
1345 260
6715 2421
4542 1041
664 1635
275 4
4102 889
4996 1000
5354 4520
6 6
35 15
2872 924
2926 1896
822 507
4994 1000
2024 963
1156 930
746 459
9792 4138
9 4
1875 628
5 3
7194 4494
917 286
56 33
5833 700
1223 202
1925 400
205 85
4995 1000
480 422
1657 2285
10 7
10 5
2516 2505
2448 211
254 401
7434 2124
9111 336
97 7
652 1086
6143 2033
6 5
636 353
5 4
1868 515
7024 4742
