100
746 459
7024 4742
6 3
56 33
330 986
254 401
5833 700
2872 924
445 294
10 5
6313 4131
6 6
2006 35
1875 628
105 25
7194 4494
9312 7078
9111 336
6143 2033
2708 677
4994 1000
1483 902
1345 260
799 707
4996 1000
9 7
498 137
758 483
2269 290
3862 911
2285 984
5524 4162
2448 211
1396 728
6 5
1945 1409
1657 2285
636 353
7 6
6 5
7 5
2169 726
1226 288
129 536
5184 890
5114 3964
822 507
9590 168
6 3
2516 2505
10 9
6715 2421
275 4
9792 4138
5594 2942
205 85
4542 1041
1705 1482
9 4
2971 488
97 7
1223 202
5 3
1445 822
652 1086
10 3
1156 930
5 3
1295 49
2024 963
5 5
6243 5510
917 286
1868 515
6784 5660
1182 13
480 422
398 133
224 317
2749 866
515 426
5 4
8 3
4944 2237
685 54
29 900
1583 232
35 15
10 7
4102 889
537 237
9 4
2926 1896
5354 4520
1925 400
9 5
664 1635
9351 634
7434 2124
4995 1000
